balljoint :Hips {
	offset 0.00000 -0.01120 -0.00444
	boxmin -0.01 0.00000 -0.01
	boxmax 0.01 0.11824 0.01
	orient 1.00000 0.00000 0.00000 0.00000 1.00000 0.00000 0.00000 0.00000 1.00000
	pose 0.00000 -0.00000 0.00000
	balljoint :Spine {
		offset 0.00000 0.11233 -0.00974
		boxmin -0.01 0.00000 -0.01
		boxmax 0.01 0.13154 0.01
		orient 1.00000 0.00000 0.00000 0.00000 0.99626 0.08636 0.00000 -0.08636 0.99626
		pose 0.00000 -0.00000 0.00000
		balljoint :Spine1 {
			offset 0.00000 0.13105 -0.01136
			boxmin -0.01 0.00000 -0.01
			boxmax 0.01 0.15034 0.01
			orient 1.00000 0.00000 0.00000 0.00000 0.99626 0.08636 0.00000 -0.08636 0.99626
			pose 0.00000 -0.00000 0.00000
			balljoint :Spine2 {
				offset 0.00000 0.14977 -0.01298
				boxmin -0.01 0.00000 -0.01
				boxmax 0.01 0.16817 0.01
				orient 1.00000 0.00000 0.00000 0.00000 0.99626 0.08636 0.00000 -0.08636 0.99626
				pose 0.00000 -0.00000 0.00000
				balljoint :Neck {
					offset 0.00000 0.16850 -0.01461
					boxmin -0.01 0.00000 -0.01
					boxmax 0.01 0.08835 0.01
					orient 1.00000 0.00000 0.00000 0.00000 1.00000 0.00000 0.00000 -0.00000 1.00000
					pose 0.00000 -0.00000 0.00000
					balljoint :Head {
						offset 0.00000 0.08395 0.02752
						boxmin -0.01 0.00000 -0.01
						boxmax 0.01 0.21636 0.01
						orient 1.00000 0.00000 0.00000 0.00000 1.00000 0.00000 0.00000 -0.00000 1.00000
						pose 0.00000 -0.00000 0.00000
						balljoint :HeadTop_End {
							offset 0.00000 0.20560 0.06739
							boxmin -0.01 0.00000 -0.01
							boxmax 0.01 0.21636 0.01
							orient 1.00000 0.00000 0.00000 0.00000 1.00000 0.00000 0.00000 -0.00000 1.00000
							pose 0.00000 -0.00000 0.00000
						}
					}
				}
				balljoint :LeftShoulder {
					offset 0.07265 0.15042 -0.01511
					boxmin -0.01 0.00000 -0.01
					boxmax 0.01 0.15099 0.01
					orient -0.23647 0.97160 0.00848 -0.97160 -0.23652 0.00666 0.00848 -0.00666 0.99994
					pose 0.00000 -0.00000 0.00000
					balljoint :LeftArm {
						offset 0.14670 -0.03571 -0.00101
						boxmin -0.01 0.00000 -0.01
						boxmax 0.01 0.22645 0.01
						orient -0.10870 0.99072 0.08165 -0.99072 -0.11471 0.07296 0.08165 -0.07296 0.99399
						pose -0.00000 -0.00000 0.00000
						balljoint :LeftForeArm {
							offset 0.22434 -0.02598 -0.01652
							boxmin -0.01 0.00000 -0.01
							boxmax 0.01 0.27293 0.01
							orient 0.02722 0.98702 -0.15827 -0.98702 0.00147 -0.16058 -0.15827 0.16058 0.97425
							pose -0.00000 0.00000 -0.00000
							balljoint :LeftHand {
								offset 0.26938 0.00040 0.04383
								boxmin -0.01 0.00000 -0.01
								boxmax 0.01 0.10117 0.01
								orient -0.16801 0.94067 -0.29479 -0.94067 -0.24241 -0.23742 -0.29479 0.23742 0.92560
								pose 0.00000 0.00000 0.00000
								balljoint :LeftHandThumb1 {
									offset 0.02248 -0.01391 0.03776
									boxmin -0.01 0.00000 -0.01
									boxmax 0.01 0.03687 0.01
									orient 0.70128 0.46071 -0.54401 -0.46071 -0.28944 -0.83903 -0.54401 0.83903 0.00928
									pose 0.00000 0.00000 -0.00000
									balljoint :LeftHandThumb2 {
										offset 0.01798 -0.01113 0.03021
										boxmin -0.01 0.00000 -0.01
										boxmax 0.01 0.03567 0.01
										orient 0.72759 0.41049 -0.54965 -0.41049 -0.38144 -0.82825 -0.54965 0.82825 -0.10902
										pose 0.00000 0.00000 0.00000
										balljoint :LeftHandThumb3 {
											offset 0.01598 -0.01421 0.02854
											boxmin -0.01 0.00000 -0.01
											boxmax 0.01 0.02785 0.01
											orient 0.71877 0.42628 -0.54923 -0.42628 -0.35385 -0.83251 -0.54923 0.83251 -0.07262
											pose 0.00000 0.00000 0.00000
											balljoint :LeftHandThumb4 {
												offset 0.00944 -0.00870 0.02472
												boxmin -0.01 0.00000 -0.01
												boxmax 0.01 0.02785 0.01
												orient 0.71877 0.42629 -0.54923 -0.42629 -0.35384 -0.83251 -0.54923 0.83251 -0.07261
												pose 0.00000 0.00000 0.00000
											}
										}
									}
								}
								balljoint :LeftHandIndex1 {
									offset 0.09789 -0.01784 0.05866
									boxmin -0.01 0.00000 -0.01
									boxmax 0.01 0.03147 0.01
									orient 0.05243 0.85734 -0.51207 -0.85734 -0.22429 -0.46331 -0.51207 0.46331 0.72328
									pose 0.00000 0.00000 0.00000
									balljoint :LeftHandIndex2 {
										offset 0.02732 -0.00733 0.01381
										boxmin -0.01 0.00000 -0.01
										boxmax 0.01 0.02795 0.01
										orient -0.00250 0.66410 -0.74764 -0.66410 -0.56008 -0.49527 -0.74764 0.49527 0.44242
										pose 0.00000 0.00000 -0.00000
										balljoint :LeftHandIndex3 {
											offset 0.01847 -0.01558 0.01405
											boxmin -0.01 0.00000 -0.01
											boxmax 0.01 0.02308 0.01
											orient 0.08819 0.51409 -0.85319 -0.51409 -0.71015 -0.48104 -0.85319 0.48104 0.20166
											pose 0.00000 0.00000 0.00000
											balljoint :LeftHandIndex4 {
												offset 0.01160 -0.01618 0.01166
												boxmin -0.01 0.00000 -0.01
												boxmax 0.01 0.02308 0.01
												orient 0.08819 0.51409 -0.85319 -0.51409 -0.71015 -0.48104 -0.85319 0.48104 0.20166
												pose 0.00000 0.00000 0.00000
											}
										}
									}
								}
								balljoint :LeftHandMiddle1 {
									offset 0.10762 -0.02456 0.03794
									boxmin -0.01 0.00000 -0.01
									boxmax 0.01 0.03342 0.01
									orient -0.08867 0.92096 -0.37943 -0.92096 -0.22091 -0.32098 -0.37943 0.32098 0.86776
									pose 0.00000 0.00000 0.00000
									balljoint :LeftHandMiddle2 {
										offset 0.03090 -0.00752 0.01027
										boxmin -0.01 0.00000 -0.01
										boxmax 0.01 0.03110 0.01
										orient -0.24170 0.65251 -0.71820 -0.65251 -0.65711 -0.37741 -0.71820 0.37741 0.58460
										pose 0.00000 0.00000 0.00000
										balljoint :LeftHandMiddle3 {
											offset 0.02023 -0.02037 0.01195
											boxmin -0.01 0.00000 -0.01
											boxmax 0.01 0.02501 0.01
											orient -0.22524 0.60657 -0.76246 -0.60657 -0.69971 -0.37747 -0.76246 0.37747 0.52553
											pose 0.00000 0.00000 0.00000
											balljoint :LeftHandMiddle4 {
												offset 0.01511 -0.01743 0.00968
												boxmin -0.01 0.00000 -0.01
												boxmax 0.01 0.02501 0.01
												orient -0.22523 0.60657 -0.76246 -0.60657 -0.69971 -0.37747 -0.76246 0.37747 0.52553
												pose 0.00000 0.00000 0.00000
											}
										}
									}
								}
								balljoint :LeftHandRing1 {
									offset 0.11405 -0.03098 0.01670
									boxmin -0.01 0.00000 -0.01
									boxmax 0.01 0.02988 0.01
									orient -0.31288 0.93351 -0.17510 -0.93351 -0.33623 -0.12450 -0.17510 0.12450 0.97665
									pose 0.00000 0.00000 0.00000
									balljoint :LeftHandRing2 {
										offset 0.02788 -0.00999 0.00398
										boxmin -0.01 0.00000 -0.01
										boxmax 0.01 0.02829 0.01
										orient -0.55473 0.72928 -0.40053 -0.72928 -0.65791 -0.18788 -0.40053 0.18788 0.89682
										pose 0.00000 0.00000 0.00000
										balljoint :LeftHandRing3 {
											offset 0.02064 -0.01864 0.00518
											boxmin -0.01 0.00000 -0.01
											boxmax 0.01 0.02280 0.01
											orient -0.55993 0.71890 -0.41189 -0.71890 -0.66869 -0.18982 -0.41189 0.18982 0.89124
											pose 0.00000 0.00000 -0.00000
											balljoint :LeftHandRing4 {
												offset 0.01640 -0.01527 0.00421
												boxmin -0.01 0.00000 -0.01
												boxmax 0.01 0.02280 0.01
												orient -0.55994 0.71890 -0.41189 -0.71890 -0.66869 -0.18982 -0.41189 0.18982 0.89124
												pose 0.00000 0.00000 -0.00000
											}
										}
									}
								}
								balljoint :LeftHandPinky1 {
									offset 0.10327 -0.03114 -0.00779
									boxmin -0.01 0.00000 -0.01
									boxmax 0.01 0.02850 0.01
									orient -0.46486 0.87187 -0.15410 -0.87187 -0.48107 -0.09172 -0.15410 0.09172 0.98379
									pose 0.00000 0.00000 -0.00000
									balljoint :LeftHandPinky2 {
										offset 0.02485 -0.01373 0.00250
										boxmin -0.01 0.00000 -0.01
										boxmax 0.01 0.02533 0.01
										orient -0.49791 0.84916 -0.17613 -0.84916 -0.51862 -0.09985 -0.17613 0.09985 0.97929
										pose 0.00000 0.00000 0.00000
										balljoint :LeftHandPinky3 {
											offset 0.02151 -0.01314 0.00252
											boxmin -0.01 0.00000 -0.01
											boxmax 0.01 0.01958 0.01
											orient -0.45858 0.87587 -0.15021 -0.87587 -0.47405 -0.09020 -0.15021 0.09020 0.98453
											pose 0.00000 0.00000 0.00000
											balljoint :LeftHandPinky4 {
												offset 0.01715 -0.00925 0.00189
												boxmin -0.01 0.00000 -0.01
												boxmax 0.01 0.01958 0.01
												orient -0.45858 0.87587 -0.15021 -0.87587 -0.47405 -0.09020 -0.15021 0.09020 0.98453
												pose 0.00000 0.00000 0.00000
											}
										}
									}
								}
							}
						}
					}
				}
				balljoint :RightShoulder {
					offset -0.07265 0.15042 -0.01410
					boxmin -0.01 0.00000 -0.01
					boxmax 0.01 0.15099 0.01
					orient -0.23647 -0.97160 0.00848 0.97160 -0.23652 -0.00666 0.00848 0.00666 0.99994
					pose 0.00000 -0.00000 0.00000
					balljoint :RightArm {
						offset -0.14670 -0.03571 0.00101
						boxmin -0.01 0.00000 -0.01
						boxmax 0.01 0.22664 0.01
						orient -0.10672 -0.98989 -0.09344 0.98989 -0.11461 0.08358 -0.09344 -0.08358 0.99211
						pose 0.00000 -0.00000 0.00000
						balljoint :RightForeArm {
							offset -0.22434 -0.02598 -0.01894
							boxmin -0.01 0.00000 -0.01
							boxmax 0.01 0.27279 0.01
							orient 0.02627 -0.98750 0.15540 0.98750 0.00147 -0.15760 0.15540 0.15760 0.97520
							pose 0.00000 -0.00000 0.00000
							balljoint :RightHand {
								offset -0.26938 0.00040 0.04299
								boxmin -0.01 0.00000 -0.01
								boxmax 0.01 0.10244 0.01
								orient -0.16272 -0.94280 0.29096 0.94280 -0.23553 -0.23593 0.29096 0.23593 0.92719
								pose 0.00000 -0.00000 -0.00000
								balljoint :RightHandThumb1 {
									offset -0.02290 -0.01405 0.03759
									boxmin -0.01 0.00000 -0.01
									boxmax 0.01 0.03696 0.01
									orient 0.64231 -0.49844 0.58223 0.49844 -0.30543 -0.81134 0.58223 0.81134 0.05226
									pose 0.00000 -0.00000 0.00000
									balljoint :RightHandThumb2 {
										offset -0.01832 -0.01124 0.03007
										boxmin -0.01 0.00000 -0.01
										boxmax 0.01 0.03493 0.01
										orient 0.67201 -0.44172 0.59438 0.44172 -0.40513 -0.80047 0.59438 0.80047 -0.07714
										pose 0.00000 -0.00000 0.00000
										balljoint :RightHandThumb3 {
											offset -0.01498 -0.01393 0.02831
											boxmin -0.01 0.00000 -0.01
											boxmax 0.01 0.02601 0.01
											orient 0.66181 -0.45965 0.59222 0.45965 -0.37527 -0.80492 0.59222 0.80492 -0.03708
											pose 0.00000 -0.00000 -0.00000
											balljoint :RightHandThumb4 {
												offset -0.01250 -0.01002 0.02049
												boxmin -0.01 0.00000 -0.01
												boxmax 0.01 0.02601 0.01
												orient 0.66181 -0.45965 0.59223 0.45965 -0.37527 -0.80492 0.59223 0.80492 -0.03708
												pose 0.00000 -0.00000 0.00000
											}
										}
									}
								}
								balljoint :RightHandIndex1 {
									offset -0.09957 -0.01704 0.05919
									boxmin -0.01 0.00000 -0.01
									boxmax 0.01 0.02941 0.01
									orient 0.03960 -0.84255 0.53717 0.84255 -0.26085 -0.47125 0.53717 0.47125 0.69955
									pose 0.00000 -0.00000 0.00000
									balljoint :RightHandIndex2 {
										offset -0.02506 -0.00790 0.01322
										boxmin -0.01 0.00000 -0.01
										boxmax 0.01 0.02755 0.01
										orient -0.00006 -0.67473 0.73807 0.67473 -0.54477 -0.49796 0.73807 0.49796 0.45529
										pose 0.00000 -0.00000 -0.00000
										balljoint :RightHandIndex3 {
											offset -0.01848 -0.01492 0.01396
											boxmin -0.01 0.00000 -0.01
											boxmax 0.01 0.02314 0.01
											orient 0.02074 -0.61792 0.78597 0.61792 -0.61009 -0.49595 0.78597 0.49595 0.36917
											pose 0.00000 -0.00000 0.00000
											balljoint :RightHandIndex4 {
												offset -0.01412 -0.01397 0.01186
												boxmin -0.01 0.00000 -0.01
												boxmax 0.01 0.02314 0.01
												orient 0.02074 -0.61792 0.78597 0.61792 -0.61009 -0.49595 0.78597 0.49595 0.36916
												pose 0.00000 -0.00000 0.00000
											}
										}
									}
								}
								balljoint :RightHandMiddle1 {
									offset -0.10976 -0.02309 0.03854
									boxmin -0.01 0.00000 -0.01
									boxmax 0.01 0.03264 0.01
									orient -0.14914 -0.90583 0.39653 0.90583 -0.28597 -0.31257 0.39653 0.31257 0.86317
									pose 0.00000 -0.00000 -0.00000
									balljoint :RightHandMiddle2 {
										offset -0.02966 -0.00945 0.00982
										boxmin -0.01 0.00000 -0.01
										boxmax 0.01 0.02981 0.01
										orient -0.27331 -0.65443 0.70500 0.65443 -0.66365 -0.36234 0.70500 0.36234 0.60965
										pose 0.00000 -0.00000 0.00000
										balljoint :RightHandMiddle3 {
											offset -0.01947 -0.01973 0.01096
											boxmin -0.01 0.00000 -0.01
											boxmax 0.01 0.02559 0.01
											orient -0.24494 -0.58494 0.77321 0.58494 -0.72517 -0.36329 0.77321 0.36329 0.51978
											pose 0.00000 -0.00000 -0.00000
											balljoint :RightHandMiddle4 {
												offset -0.01491 -0.01849 0.00951
												boxmin -0.01 0.00000 -0.01
												boxmax 0.01 0.02559 0.01
												orient -0.24495 -0.58493 0.77321 0.58493 -0.72517 -0.36329 0.77321 0.36329 0.51977
												pose 0.00000 -0.00000 0.00000
											}
										}
									}
								}
								balljoint :RightHandRing1 {
									offset -0.11579 -0.02866 0.01627
									boxmin -0.01 0.00000 -0.01
									boxmax 0.01 0.02845 0.01
									orient -0.37370 -0.88675 0.27207 0.88675 -0.42758 -0.17563 0.27207 0.17563 0.94612
									pose 0.00000 -0.00000 -0.00000
									balljoint :RightHandRing2 {
										offset -0.02522 -0.01214 0.00508
										boxmin -0.01 0.00000 -0.01
										boxmax 0.01 0.02916 0.01
										orient -0.51100 -0.73579 0.44440 0.73579 -0.64170 -0.21640 0.44440 0.21640 0.86930
										pose 0.00000 -0.00000 0.00000
										balljoint :RightHandRing3 {
											offset -0.02146 -0.01873 0.00623
											boxmin -0.01 0.00000 -0.01
											boxmax 0.01 0.01971 0.01
											orient -0.46101 -0.81127 0.35960 0.81127 -0.54952 -0.19968 0.35960 0.19968 0.91149
											pose 0.00000 -0.00000 0.00000
											balljoint :RightHandRing4 {
												offset -0.01599 -0.01083 0.00394
												boxmin -0.01 0.00000 -0.01
												boxmax 0.01 0.01971 0.01
												orient -0.46101 -0.81127 0.35960 0.81127 -0.54952 -0.19968 0.35960 0.19968 0.91149
												pose 0.00000 -0.00000 -0.00000
											}
										}
									}
								}
								balljoint :RightHandPinky1 {
									offset -0.10476 -0.03225 -0.00819
									boxmin -0.01 0.00000 -0.01
									boxmax 0.01 0.02745 0.01
									orient -0.44357 -0.88359 0.15005 0.88359 -0.45917 -0.09185 0.15005 0.09185 0.98440
									pose 0.00000 0.00000 0.00000
									balljoint :RightHandPinky2 {
										offset -0.02425 -0.01265 0.00229
										boxmin -0.01 0.00000 -0.01
										boxmax 0.01 0.02485 0.01
										orient -0.51557 -0.83290 0.20117 0.83290 -0.54227 -0.11056 0.20117 0.11056 0.97330
										pose 0.00000 0.00000 0.00001
										balljoint :RightHandPinky3 {
											offset -0.02069 -0.01349 0.00267
											boxmin -0.01 0.00000 -0.01
											boxmax 0.01 0.01925 0.01
											orient -0.30886 -0.94756 0.08206 0.94756 -0.31401 -0.05941 0.08206 0.05941 0.99486
											pose 0.00000 0.00000 0.00001
											balljoint :RightHandPinky4 {
												offset -0.01824 -0.00598 0.00146
												boxmin -0.01 0.00000 -0.01
												boxmax 0.01 0.01925 0.01
												orient -0.30886 -0.94756 0.08206 0.94756 -0.31401 -0.05941 0.08206 0.05941 0.99486
												pose 0.00000 0.00000 0.00001
											}
										}
									}
								}
							}
						}
					}
				}
			}
		}
	}
	balljoint :LeftUpLeg {
		offset 0.10366 -0.06239 0.00158
		boxmin -0.01 0.00000 -0.01
		boxmax 0.01 0.43445 0.01
		orient 0.06451 0.10233 0.99266 -0.10233 -0.98881 0.10859 0.99266 -0.10859 -0.05331
		pose 0.00000 -0.00000 0.00000
		balljoint :LeftLeg {
			offset 0.04446 -0.42958 -0.04718
			boxmin -0.01 0.00000 -0.01
			boxmax 0.01 0.39929 0.01
			orient -0.20976 0.10624 0.97196 -0.10624 -0.99067 0.08535 0.97196 -0.08535 0.21909
			pose -0.00000 -0.00000 0.00000
			balljoint :LeftFoot {
				offset 0.04242 -0.39556 -0.03408
				boxmin -0.01 0.00000 -0.01
				boxmax 0.01 0.17100 0.01
				orient 0.74648 0.33551 -0.57463 -0.33551 -0.55597 -0.76048 -0.57463 0.76048 -0.30246
				pose 0.00000 -0.00000 0.00000
				balljoint :LeftToeBase {
					offset 0.05737 -0.09507 0.13004
					boxmin -0.01 0.00000 -0.01
					boxmax 0.01 0.06426 0.01
					orient 0.85230 0.38712 -0.35173 -0.38712 0.01467 -0.92191 -0.35173 0.92191 0.16236
					pose 0.00000 0.00000 -0.00000
					balljoint :LeftToe_End {
						offset 0.02488 0.00094 0.05925
						boxmin -0.01 0.00000 -0.01
						boxmax 0.01 0.06426 0.01
						orient 0.85231 0.38712 -0.35173 -0.38712 0.01467 -0.92191 -0.35173 0.92191 0.16236
						pose 0.00000 0.00000 -0.00000
					}
				}
			}
		}
	}
	balljoint :RightUpLeg {
		offset -0.10366 -0.06239 0.00042
		boxmin -0.01 0.00000 -0.01
		boxmax 0.01 0.43431 0.01
		orient 0.03832 -0.10236 -0.99401 0.10236 -0.98910 0.10581 -0.99401 -0.10581 -0.02742
		pose 0.00000 -0.00000 0.00000
		balljoint :RightLeg {
			offset -0.04446 -0.42958 -0.04595
			boxmin -0.01 0.00000 -0.01
			boxmax 0.01 0.39912 0.01
			orient -0.26641 -0.10628 -0.95798 0.10628 -0.99108 0.08040 -0.95798 -0.08040 0.27533
			pose -0.00000 0.00000 -0.00000
			balljoint :RightFoot {
				offset -0.04242 -0.39556 -0.03209
				boxmin -0.01 0.00000 -0.01
				boxmax 0.01 0.16609 0.01
				orient 0.72096 -0.34542 0.60075 0.34542 -0.57240 -0.74367 0.60075 0.74367 -0.29336
				pose 0.00000 -0.00000 0.00000
				balljoint :RightToeBase {
					offset -0.05737 -0.09507 0.12352
					boxmin -0.01 0.00000 -0.01
					boxmax 0.01 0.06300 0.01
					orient 0.84635 -0.39490 0.35740 0.39490 0.01497 -0.91860 0.35740 0.91860 0.16861
					pose 0.00000 0.00000 0.00000
					balljoint :RightToe_End {
						offset -0.02488 0.00094 0.05787
						boxmin -0.01 0.00000 -0.01
						boxmax 0.01 0.06300 0.01
						orient 0.84635 -0.39490 0.35741 0.39490 0.01497 -0.91860 0.35741 0.91860 0.16861
						pose 0.00000 0.00000 -0.00000
					}
				}
			}
		}
	}
}
